OV1_8600 141 378 4043 4054 OV1_8802 53 46
OV1_8601 63 50 4039 3888 OV1_8804 74 211
OV1_8602 30 49 3945 2709 OV1_8806 136 45
OV1_8602 25 1864 3923 4074 OV1_8806 153 1820
OV1_8603 24 72 3123 4065 OV1_8808 81 29
OV1_8603 422 1351 3992 4049 OV1_8808 492 1297
OV1_8604 34 544 4043 4054 OV1_8810 48 544
OV1_8604 19 7 4057 1667 OV1_8810 35 37
OV1_8605 145 31 4054 3613 OV1_8812 32 463
OV1_8606 278 1119 4065 4046 OV1_8814 52 1047
OV1_8606 268 92 2150 1707 OV1_8814 35 33
OV1_8607 24 120 2656 3007 OV1_8816 138 25
OV1_8607 35 1455 3945 4064 OV1_8816 134 1328
OV1_8608 238 25 4053 3968 OV1_8818 45 120
OV1_8609 31 1181 3868 3985 OV1_8820 221 1259
OV1_8609 45 32 3872 1742 OV1_8820 223 127
OV1_8610 105 2105 4059 4043 OV1_8822 45 2128
OV1_8610 132 24 3653 3223 OV1_8822 55 63
OV1_8610 2050 39 4054 3266 OV1_8822 1956 74
OV1_8611 181 832 4066 4066 OV1_8824 29 832
OV1_8611 186 18 4062 2472 OV1_8824 39 29
OV1_8612 215 1512 4052 4016 OV1_8826 34 1550
OV1_8612 237 31 4063 3007 OV1_8826 60 70
OV1_8613 497 50 4067 3921 OV1_8828 365 189
OV1_8613 151 19 4061 2590 OV1_8828 24 186
OV1_8614 1050 1907 4066 4067 OV1_8703 1050 1774
OV1_8614 33 1901 3354 4066 OV1_8703 56 1779
OV1_8614 1779 132 4055 2747 OV1_8703 1798 29
OV1_8615 159 136 4052 4052 OV1_8705 44 43
OV1_8616 36 1425 3990 4045 OV1_8707 101 1430
OV1_8616 34 23 3994 1977 OV1_8707 106 50
OV1_8618 34 52 3971 4062 OV1_8711 111 47
OV1_8619 42 136 4035 4073 OV1_8713 47 32
OV1_8620 31 428 4023 4044 OV1_8715 70 451
OV1_8620 32 15 3487 1541 OV1_8715 88 48
OV1_8621 29 99 4045 4053 OV1_8717 45 38
OV1_8622 159 1011 4069 3971 OV1_8719 13 1108
OV1_8622 177 19 4059 2530 OV1_8719 27 142
OV1_8623 30 416 4034 3997 OV1_8721 46 478
OV1_8623 39 21 2126 2731 OV1_8721 73 99
OV1_8624 25 144 4007 4064 OV1_8723 59 33
OV1_8625 25 959 3956 3968 OV1_8725 131 1053
OV1_8625 47 31 3946 2229 OV1_8725 159 147
OV1_8626 25 92 4051 4063 OV1_8727 20 32
OV1_8627 67 165 2459 4069 OV1_8729 30 38
OV1_8627 1891 194 4073 4071 OV1_8729 1836 39
OV1_8628 29 18 4072 4055 OV1_8731 25 35
OV1_8629 30 758 3962 4001 OV1_8733 124 809
OV1_8629 24 29 3962 1755 OV1_8733 108 102
OV1_8630 32 65 3444 4063 OV1_8735 24 79
OV1_8630 1207 734 4061 4060 OV1_8735 1213 729
OV1_8631 91 31 4056 3985 OV1_8737 42 109
OV1_8632 33 170 3787 4074 OV1_8739 299 33
OV1_8633 353 113 4063 4073 OV1_8741 38 37
OV1_8634 31 155 3924 4070 OV1_8743 131 40
OV1_8635 121 27 4058 4053 OV1_8745 34 61
OV1_8636 27 951 3859 3961 OV1_8747 239 1045
OV1_8636 30 22 2290 2376 OV1_8747 244 149
OV1_8638 15 13 3874 4056 OV1_8749 192 24
OV1_8639 131 45 4069 3933 OV1_8751 43 172
OV1_8640 21 16 2969 3803 OV1_8753 210 50
OV1_8640 23 1463 3888 4056 OV1_8753 207 1468
OV1_8641 530 77 4051 3203 OV1_8755 426 45
OV1_8641 139 1654 4055 4064 OV1_8755 24 1606
OV1_8643 20 165 4061 4061 OV1_8759 15 39
OV1_8644 590 154 3673 3092 OV1_8761 563 39
OV1_8645 33 129 3809 2678 OV1_8763 278 30
OV1_8645 34 2086 3788 4062 OV1_8763 285 1971
OV1_8646 43 109 4014 4058 OV1_8765 87 32
OV1_8647 29 1086 3872 4029 OV1_8768 202 1113
OV1_8647 50 20 3887 2401 OV1_8768 207 64
OV1_8648 43 54 3974 3096 OV1_8769 120 39
OV1_8648 24 1968 3684 4060 OV1_8769 104 1938
OV1_8649 423 1830 3938 4078 OV1_8771 550 1808
OV1_8650 40 486 3449 4045 OV1_8773 128 459
OV1_8651 14 43 4001 3936 OV1_8775 53 166
OV1_8652 36 963 4008 3678 OV1_8777 41 1018
OV1_8653 177 141 4064 2067 OV1_8779 51 19
OV1_8653 179 1926 4062 4074 OV1_8779 46 1794
OV1_8654 187 95 4064 4077 OV1_8781 32 30
OV1_8655 18 125 3972 4073 OV1_8783 122 27
OV1_8656 46 94 3773 4060 OV1_8785 319 39
OV1_8657 63 26 4062 3808 OV1_8787 31 32
OV1_8659 527 620 4059 4058 OV1_8791 451 565
OV1_8659 94 43 3040 3224 OV1_8791 32 17
OV1_8659 522 76 4060 1942 OV1_8791 439 41
OV1_8660 47 21 4073 3859 OV1_8793 31 211
OV1_8661 34 323 4060 4010 OV1_8795 45 374
OV1_8662 62 149 4066 4065 OV1_8797 35 38
OV1_9001 24 34 3978 3899 OV1_9145 97 185
OV1_9004 166 20 4070 3963 OV1_9147 39 109
OV1_9005 167 85 4066 4078 OV1_9149 35 35
OV1_9006 20 37 3863 4052 OV1_9151 221 54
OV1_9007 150 44 4054 4064 OV1_9153 35 33
OV1_9009 32 121 3963 4059 OV1_9161 125 43
OV1_9011 55 36 4059 3845 OV1_9163 29 255
OV1_9012 175 20 4057 3995 OV1_9165 88 90
OV1_9013 180 21 4056 4052 OV1_9167 42 30
OV1_9015 25 23 3957 4043 OV1_9174 95 23
OV1_9016 37 48 4058 3890 OV1_9176 47 215
OV1_9017 237 32 4052 3891 OV1_9178 125 146
OV1_9018 88 130 4069 4053 OV1_9183 41 55
OV1_9020 56 34 4055 3888 OV1_9186 50 174
OV1_9021 31 20 3983 3977 OV1_9187 62 91
OV1_9022 99 30 4059 4029 OV1_9189 45 45
OV1_9023 126 159 4058 4057 OV1_9191 34 82
OV1_9025 115 37 4058 3863 OV1_9193 31 241
OV1_9026 158 386 4056 4071 OV1_9198 46 45
OV1_9028 0 0 4096 4096 OV1_9201 0 0
OV1_9029 118 20 4061 3935 OV1_9202 41 117
OV1_9030 31 89 4041 4065 OV1_9204 41 50
OV1_9031 404 76 4058 4074 OV1_9206 72 57
OV1_9032 163 189 4056 4071 OV1_9208 94 57
OV1_9033 81 149 4057 4064 OV1_9210 51 56
OV1_9034 167 22 4049 3865 OV1_9213 31 218
OV1_9036 16 28 4026 3865 OV1_9217 55 215
OV1_9037 175 133 4046 4059 OV1_9220 45 46
OV1_9038 62 240 4055 4066 OV1_9221 30 76
OV1_9039 44 192 4037 4051 OV1_9223 34 73
OV1_9040 397 13 4073 4034 OV1_9225 26 22
OV1_9041 53 293 4062 4074 OV1_9227 46 50
OV1_9043 22 25 3960 3740 OV1_9229 99 343
OV1_9044 295 78 4060 4060 OV1_9231 41 78
OV1_9045 130 20 4062 3879 OV1_9236 43 108
OV1_9046 20 145 3980 4071 OV1_9238 81 41
OV1_9048 34 30 3939 3699 OV1_9241 151 365
OV1_9049 211 24 4057 3988 OV1_9242 41 102
OV1_9050 76 313 4019 4055 OV1_9246 36 36
OV1_9051 315 282 4058 4059 OV1_9247 136 79
OV1_9052 63 91 4061 4022 OV1_9249 42 118
OV1_9054 436 179 4074 4077 OV1_9254 122 23
OV1_9054 121 30 4061 4034 OV1_9254 73 30
OV1_9303 149 98 4059 3902 OV1_9372 141 38
OV1_9304 28 16 3999 3659 OV1_9379 83 378
OV1_9306 31 38 3847 3898 OV1_9381 236 156
OV1_9307 35 31 3961 3835 OV1_9383 122 249
OV1_9308 28 51 3971 4055 OV1_9385 54 44
OV1_9309 336 38 4057 3819 OV1_9387 45 275
OV1_9310 221 34 3975 3943 OV1_9389 298 153
OV1_9311 24 28 3911 3926 OV1_9391 172 150
OV1_9312 175 27 4068 3992 OV1_9393 33 93
OV1_9313 40 25 3626 3979 OV1_9395 468 80
OV1_9314 34 18 3849 3711 OV1_9397 235 365
OV1_9315 130 42 4051 3696 OV1_9399 55 377
OV1_9316 98 33 4058 3871 OV1_9401 53 221
OV1_9317 31 22 4052 3804 OV1_9403 31 274
OV1_9318 36 327 3951 4065 OV1_9405 68 48
OV1_9319 133 222 4070 4065 OV1_9407 36 37
OV1_9321 166 30 4070 4007 OV1_9413 42 85
OV1_9322 95 170 4060 4052 OV1_9415 58 39
OV1_9323 395 27 4077 3820 OV1_9409 35 272
OV1_9324 24 29 4055 3888 OV1_9411 37 207
OV1_9325 349 38 4053 3914 OV1_9418 46 174
OV1_9326 297 29 4062 3911 OV1_9420 35 150
OV1_9327 191 38 4067 3725 OV1_9422 44 327
OV1_9328 37 180 3908 4068 OV1_9424 141 32
OV1_9329 24 26 3999 4057 OV1_9427 59 26
OV1_9331 182 26 4058 4035 OV1_9428 61 26
OV1_9333 234 15 4066 3747 OV1_9433 69 328
OV1_9334 97 26 4059 3951 OV1_9435 54 82
OV1_9335 16 20 4015 3952 OV1_9437 59 108
OV1_9336 239 246 4076 4072 OV1_9439 34 32
OV1_9337 18 21 3972 3914 OV1_9441 104 143
OV1_9338 337 96 4063 4072 OV1_9443 40 36
OV1_9340 29 22 3849 3514 OV1_9446 29 550
OV1_9341 107 23 4067 3783 OV1_9448 39 294
OV1_9342 47 23 4029 4005 OV1_9450 66 42
OV1_9343 211 32 4053 3664 OV1_9452 73 408
OV1_9344 189 222 4054 4067 OV1_9454 41 38
OV1_9345 25 257 3973 4072 OV1_9456 65 33
OV1_9346 335 36 4061 3912 OV1_9459 43 85
OV1_9347 251 22 4066 3787 OV1_9461 32 305
OV1_9348 50 44 4065 4032 OV1_9463 31 44
OV1_9349 37 53 3945 4067 OV1_9465 158 32
OV1_9351 87 35 4064 3762 OV1_9467 32 335
OV1_9353 33 19 3993 3639 OV1_9469 33 411
OV1_9354 192 28 4062 3749 OV1_9472 53 343
OV1_9355 439 25 4060 3985 OV1_9474 27 65
OV1_9356 401 21 4066 3969 OV1_9476 31 90
OV1_9357 33 26 3998 3719 OV1_9478 89 370
OV1_9358 38 171 4070 4069 OV1_9480 30 35
OV1_9361 29 25 3960 3835 OV1_9482 147 205
OV1_9362 20 26 3780 4036 OV1_9484 318 36
OV1_9364 157 382 4078 4069 OV1_9488 26 24
OV1_9365 30 238 3895 4064 OV1_9486 205 21
OV1_9366 188 22 4071 3771 OV1_9490 26 318
OV1_9367 22 26 3782 3958 OV1_9492 235 85
OV1_9368 185 407 4061 4078 OV1_9494 29 24
OV1_10620 40 813 3892 3864 OV1_10907 210 989
OV1_10621 45 656 3282 4064 OV1_10913 827 36
OV1_10622 223 816 3466 3098 OV1_10918 53 1016
OV1_10622 1591 27 4056 2003 OV1_10918 1446 200
OV1_10622 166 2409 3473 3839 OV1_10918 23 2632
OV1_10622 1847 826 4048 3122 OV1_10918 1749 1020
OV1_10623 31 19 4046 4045 OV1_10923 43 41
OV1_10624 37 431 4030 3963 OV1_10929 75 519
OV1_10624 32 26 3997 2564 OV1_10929 101 63
OV1_10625 437 748 3741 3990 OV1_10935 742 820
OV1_10625 23 370 2677 3957 OV1_10935 260 479
OV1_10625 34 24 2321 3367 OV1_10935 293 54
OV1_10626 24 23 4051 3738 OV1_10942 29 346
OV1_10627 1474 443 3799 4065 OV1_10946 1736 36
OV1_10627 13 454 3834 2675 OV1_10946 244 35
OV1_10628 21 46 2546 3043 OV1_10952 155 30
OV1_10628 14 868 2112 4044 OV1_10952 153 891
OV1_10628 596 892 3888 4063 OV1_10952 774 882
OV1_10629 1308 118 3826 4071 OV1_10977 1536 24
OV1_10630 1763 29 3934 3738 OV1_10956 1906 363
OV1_10630 27 22 3203 3698 OV1_10956 124 374
OV1_10631 189 33 4058 3959 OV1_10963 29 132
OV1_10632 228 96 4071 4084 OV1_10969 32 34
OV1_10633 87 26 2285 3978 OV1_10983 43 111
OV1_10633 1165 1111 4064 3987 OV1_10983 1166 1188
OV1_10633 1159 20 4063 3169 OV1_10983 1160 58
OV1_10634 80 19 4073 3979 OV1_10989 25 91
OV1_10635 70 26 4067 3984 OV1_10994 33 93
OV1_10636 131 36 4073 3951 OV1_10999 33 142
OV1_10637 33 20 4073 4063 OV1_11003 17 26
OV1_10638 122 31 2826 3296 OV1_11007 23 75
OV1_10638 124 1672 2849 3978 OV1_11007 25 1757
OV1_10638 1779 38 4059 4009 OV1_11007 1718 77
OV1_10639 803 420 3929 2162 OV1_11013 937 33
OV1_10639 1053 1458 3930 4067 OV1_11013 1187 1093
OV1_10639 236 1737 2649 4056 OV1_11013 320 1405
OV1_10640 250 20 4074 3060 OV1_11020 35 137
OV1_10640 232 1908 4047 3935 OV1_11020 46 2026
OV1_10641 189 13 4060 3889 OV1_11024 34 188
OV1_10642 107 28 4067 3904 OV1_11028 47 195
OV1_10643 1372 28 3832 3854 OV1_11032 1600 227
OV1_10643 23 24 3288 2878 OV1_11032 211 241
OV1_10643 22 1084 3277 3821 OV1_11032 208 1329
OV1_10644 27 65 4009 4078 OV1_11037 89 33
OV1_10645 42 30 3996 3967 OV1_11041 109 121
OV1_10646 124 201 4073 3049 OV1_11045 33 30
OV1_10646 129 1934 4055 4055 OV1_11045 36 1791
OV1_10647 243 12 4058 3927 OV1_11050 37 157
OV1_10648 29 39 3994 4060 OV1_11055 110 23
OV1_10649 19 102 3873 4067 OV1_11059 200 27
OV1_10650 25 69 4063 4073 OV1_11065 37 32
OV1_10651 827 26 3719 4020 OV1_11071 1176 75
OV1_10652 288 260 3769 3123 OV1_11078 588 12
OV1_10652 20 1068 2744 4076 OV1_11078 300 861
OV1_10653 29 148 3551 2998 OV1_11084 539 28
OV1_10653 36 1420 3532 4068 OV1_11084 572 1328
OV1_10654 27 208 3614 3179 OV1_11088 477 21
OV1_10654 15 1350 3586 4082 OV1_11088 494 1201
OV1_10655 1518 108 4072 3117 OV1_11093 1369 15
OV1_10655 188 1230 4064 4062 OV1_11093 35 1180
OV1_10656 189 23 4073 4060 OV1_11098 28 35
OV1_10657 792 21 4068 3953 OV1_11105 605 138
OV1_10657 270 21 3346 3925 OV1_11105 18 164
OV1_10658 159 34 4057 2789 OV1_11111 33 168
OV1_10658 175 1227 4062 3881 OV1_11111 26 1423
OV1_10659 75 28 4062 3054 OV1_11115 31 177
OV1_10659 94 1268 4065 3861 OV1_11115 25 1475
OV1_10660 35 28 3839 2993 OV1_11119 263 105
OV1_10660 22 1109 3838 3930 OV1_11119 241 1237
OV1_10661 31 28 3963 3482 OV1_11124 136 40
OV1_10661 37 2253 3917 4017 OV1_11124 181 2298
OV1_10662 67 22 4071 2915 OV1_11128 30 45
OV1_10662 72 2097 4068 3995 OV1_11128 17 2168
OV1_10663 199 160 2843 4075 OV1_11134 23 28
OV1_10663 1735 197 4062 3234 OV1_11134 1592 36
OV1_10663 1747 824 4062 4072 OV1_11134 1622 707
OV1_10665 30 513 2067 4067 OV1_11138 47 28
OV1_10665 406 560 3599 4071 OV1_11138 452 33
OV1_10665 36 572 3974 2431 OV1_11138 118 23
OV1_10671 1751 336 4044 2362 OV1_11214 1768 32
OV1_10676 850 21 4081 3336 OV1_11218 790 65
OV1_10677 335 19 4073 3840 OV1_11225 20 252
OV1_10678 100 10 4070 3930 OV1_11230 35 151
OV1_10679 52 14 4068 3995 OV1_11235 25 87
OV1_10680 28 217 3938 4076 OV1_11241 157 36
OV1_10681 121 32 4063 3858 OV1_11245 39 237
OV1_10682 1237 209 4045 1929 OV1_11249 1259 33
OV1_10690 136 22 4068 3420 OV1_11254 18 65
OV1_10690 1233 30 4070 4046 OV1_11254 1121 52
OV1_10691 80 27 4078 4048 OV1_11259 14 55
OV1_10692 816 25 4065 4046 OV1_11264 550 39
OV1_10692 306 13 3460 4023 OV1_11264 15 60
OV1_10693 498 268 4069 4072 OV1_11270 438 31
OV1_10693 103 222 2563 4076 OV1_11270 20 23
OV1_10694 33 25 4065 3724 OV1_11274 23 375
OV1_10697 977 95 4081 2793 OV1_11281 889 18
OV1_10700 194 22 4071 4038 OV1_11287 29 56
OV1_10701 17 63 3954 4080 OV1_11291 136 27
OV1_10702 937 1124 3930 4072 OV1_11296 1075 1053
OV1_10702 13 63 3072 3228 OV1_11296 139 15
OV1_10703 15 57 4003 4078 OV1_11300 90 19
OV1_10704 24 18 4051 3955 OV1_11304 57 134
OV1_10705 57 23 4078 3938 OV1_11309 25 156
OV1_10706 47 22 4067 4060 OV1_11313 27 29
OV1_10707 22 38 4032 4081 OV1_11317 60 22
OV1_10711 1688 114 4069 2281 OV1_11361 1650 27
OV1_10712 16 349 3957 2555 OV1_11365 116 44
OV1_10713 18 110 3955 4058 OV1_11369 135 30
OV1_10714 102 29 4073 3811 OV1_11373 33 290
OV1_10715 136 362 4079 4077 OV1_11345 30 17
OV1_10716 753 191 4068 3539 OV1_11351 749 37
OV1_10716 42 133 3507 3184 OV1_11351 22 24
OV1_10717 26 20 4030 4030 OV1_11356 64 64
OV1_10718 21 234 3914 4082 OV1_11339 171 30
OV1_10719 22 21 3948 3847 OV1_11334 122 221
OV1_10720 2028 22 4076 3843 OV1_11330 2029 244
OV1_10720 34 21 3099 3841 OV1_11330 16 258
OV1_10721 760 19 4076 3923 OV1_11322 766 158
OV1_10721 14 21 2902 3898 OV1_11322 14 197
OV1_10722 1343 27 4064 3859 OV1_11326 1207 237
OV1_10722 183 22 2309 3837 OV1_11326 25 262
OV1_10724 927 16 4076 2003 OV1_11383 905 294
OV1_10726 1268 1402 4072 3984 OV1_11379 1197 1480
OV1_10726 109 14 4069 3135 OV1_11379 27 121
OV1_10727 8 46 3975 4078 OV1_11480 112 23
OV1_10728 234 19 4082 3862 OV1_11475 31 221
OV1_10729 16 10 3953 3981 OV1_11470 135 113
OV1_10730 100 240 4059 4072 OV1_11465 24 29
OV1_10731 29 235 3700 4084 OV1_11461 19 19
OV1_10731 1791 291 4068 4072 OV1_11461 1787 30
OV1_10732 98 20 4063 4008 OV1_11457 28 76
OV1_10733 22 68 4065 3594 OV1_11453 37 24
OV1_10733 2290 576 4042 4071 OV1_11453 2309 514
OV1_10733 24 65 1878 4063 OV1_11453 51 29
OV1_10734 998 23 4063 3950 OV1_11449 950 140
OV1_10734 83 10 2792 3914 OV1_11449 32 162
OV1_10735 17 176 3998 4069 OV1_11445 84 27
OV1_10736 32 20 4036 4052 OV1_11441 59 36
OV1_10737 350 17 4065 3899 OV1_11437 24 195
OV1_10738 73 25 4077 3852 OV1_11493 18 237
OV1_10739 288 11 4070 3849 OV1_11497 24 234
OV1_10740 23 128 4039 4077 OV1_11501 48 22
OV1_10741 44 14 2765 4035 OV1_11506 22 53
OV1_10741 42 1587 4080 4058 OV1_11506 26 1596
OV1_10742 15 14 3988 4044 OV1_11511 114 47
OV1_10743 39 1237 3904 4024 OV1_11515 194 1276
OV1_10743 16 2 2443 4006 OV1_11515 162 70
OV1_10744 25 818 4024 4077 OV1_11520 75 720
OV1_10744 18 97 2250 4079 OV1_11520 42 38
OV1_10745 24 769 4062 4051 OV1_11526 29 792
OV1_10745 31 11 2657 2854 OV1_11526 26 55
OV1_10746 165 14 4075 4007 OV1_11530 27 73
OV1_10747 55 195 3748 4077 OV1_11534 17 29
OV1_10747 790 252 4072 4056 OV1_11534 755 38
OV1_10748 17 14 3993 3990 OV1_11538 92 100
OV1_10749 31 88 3796 4081 OV1_11542 298 22
OV1_10750 28 103 3882 4069 OV1_11548 212 32
OV1_10751 32 621 3869 3975 OV1_11553 226 704
OV1_10751 20 23 2793 3930 OV1_11553 197 151
OV1_10752 72 10 4082 3864 OV1_11558 20 218
OV1_10753 121 177 4070 3342 OV1_11564 39 29
OV1_10753 80 2173 4084 4083 OV1_11564 22 2041
OV1_10754 181 15 4074 3977 OV1_11568 14 120
OV1_10755 9 101 2291 3483 OV1_11573 115 14
OV1_10755 20 881 3930 4068 OV1_11573 148 766
OV1_10756 19 63 2945 3633 OV1_11578 314 19
OV1_10756 22 697 3748 4068 OV1_11578 337 655
OV1_10757 111 978 4070 4066 OV1_11582 24 868
OV1_10758 17 19 3921 3812 OV1_11591 172 274
OV1_10759 1089 844 4071 3020 OV1_11586 25 1893
OV1_10760 34 41 3727 4073 OV1_11595 25 15
OV1_10760 2078 87 4065 4069 OV1_11595 2073 24
OV1_10761 27 66 3865 4076 OV1_11600 236 29
OV1_10762 33 18 3937 4016 OV1_11605 157 68
OV1_10763 109 30 4068 4073 OV1_11609 29 25
OV1_10764 1340 1138 3477 4075 OV1_11613 1303 892
OV1_10764 72 738 2643 4076 OV1_11613 26 516
OV1_10765 72 989 3509 4070 OV1_11617 21 460
OV1_10766 20 282 3852 4064 OV1_11621 226 23
OV1_10767 13 14 3667 3829 OV1_11625 29 256
OV1_10767 1190 18 4022 3872 OV1_11625 1222 226
OV1_10768 255 438 4081 4080 OV1_11629 33 15
OV1_10769 19 177 4062 4076 OV1_11633 38 21
OV1_10770 24 12 3761 4000 OV1_11638 336 82
OV1_10771 31 14 3908 3862 OV1_11642 200 218
OV1_10772 146 316 4083 4076 OV1_11646 32 31
OV1_10773 264 43 4074 4080 OV1_11651 32 24
OV1_10774 126 15 4074 4075 OV1_11655 22 16
OV1_10775 24 295 3850 3633 OV1_11660 243 726
OV1_10777 265 6 4074 2637 OV1_11668 30 92
OV1_10777 243 1469 4075 4000 OV1_11668 18 1536
OV1_10778 22 104 4070 4078 OV1_11673 32 18
OV1_10779 22 1287 3855 4069 OV1_11677 231 1264
OV1_10779 26 17 2797 3510 OV1_11677 219 20
OV1_10780 919 15 4073 3969 OV1_11681 838 116
OV1_10780 114 9 2735 3325 OV1_11681 14 140
OV1_10781 1816 71 4070 3130 OV1_11685 1745 29
OV1_10781 94 719 4082 4079 OV1_11685 25 696
OV1_10782 860 87 4075 4069 OV1_11689 829 28
OV1_10782 47 810 2485 4069 OV1_11689 19 760
OV1_10783 1000 1742 3976 4068 OV1_11693 1082 1596
OV1_10783 16 1719 2220 4062 OV1_11693 103 1596
OV1_10783 13 140 2573 3566 OV1_11693 88 19
OV1_10784 9 769 3991 4073 OV1_11697 93 581
OV1_10784 27 220 3986 2046 OV1_11697 108 20
OV1_10785 15 16 3830 4064 OV1_11702 255 27
OV1_10786 9 16 3830 4020 OV1_11706 249 60
OV1_8600 141 378 4043 4054 OV1_8803 50 50
OV1_8601 63 50 4039 3888 OV1_8805 75 206
OV1_8602 30 49 3945 2709 OV1_8807 142 38
OV1_8602 25 1864 3923 4074 OV1_8807 150 1828
OV1_8603 24 72 3123 4065 OV1_8809 90 38
OV1_8603 422 1351 3992 4049 OV1_8809 485 1289
OV1_8604 34 544 4043 4054 OV1_8811 56 537
OV1_8604 19 7 4057 1667 OV1_8811 36 27
OV1_8605 145 31 4054 3613 OV1_8813 39 464
OV1_8606 278 1119 4065 4046 OV1_8815 55 1047
OV1_8606 268 92 2150 1707 OV1_8815 42 42
OV1_8607 24 120 2656 3007 OV1_8817 124 27
OV1_8607 35 1455 3945 4064 OV1_8817 134 1333
OV1_8608 238 25 4053 3968 OV1_8819 45 126
OV1_8609 31 1181 3868 3985 OV1_8821 226 1259
OV1_8609 45 32 3872 1742 OV1_8821 235 121
OV1_8610 105 2105 4059 4043 OV1_8823 23 2127
OV1_8610 132 24 3653 3223 OV1_8823 49 75
OV1_8610 2050 39 4054 3266 OV1_8823 1954 74
OV1_8611 181 832 4066 4066 OV1_8825 22 832
OV1_8611 186 18 4062 2472 OV1_8825 25 36
OV1_8612 215 1512 4052 4016 OV1_8827 39 1551
OV1_8612 237 31 4063 3007 OV1_8827 48 75
OV1_8613 497 50 4067 3921 OV1_8829 364 184
OV1_8613 151 19 4061 2590 OV1_8829 36 208
OV1_8614 1050 1907 4066 4067 OV1_8704 1046 1769
OV1_8614 33 1901 3354 4066 OV1_8704 52 1792
OV1_8614 1779 132 4055 2747 OV1_8704 1785 33
OV1_8615 159 136 4052 4052 OV1_8706 40 43
OV1_8616 36 1425 3990 4045 OV1_8708 97 1430
OV1_8616 34 23 3994 1977 OV1_8708 101 50
OV1_8618 34 52 3971 4062 OV1_8712 106 47
OV1_8619 42 136 4035 4073 OV1_8714 47 37
OV1_8620 31 428 4023 4044 OV1_8716 70 450
OV1_8620 32 15 3487 1541 OV1_8716 82 54
OV1_8621 29 99 4045 4053 OV1_8718 46 33
OV1_8622 159 1011 4069 3971 OV1_8720 22 1117
OV1_8622 177 19 4059 2530 OV1_8720 45 142
OV1_8623 30 416 4034 3997 OV1_8722 47 477
OV1_8623 39 21 2126 2731 OV1_8722 72 98
OV1_8624 25 144 4007 4064 OV1_8724 59 22
OV1_8625 25 959 3956 3968 OV1_8726 130 1054
OV1_8625 47 31 3946 2229 OV1_8726 148 147
OV1_8626 25 92 4051 4063 OV1_8728 25 31
OV1_8627 67 165 2459 4069 OV1_8730 35 32
OV1_8627 1891 194 4073 4071 OV1_8730 1854 45
OV1_8628 29 18 4072 4055 OV1_8732 24 46
OV1_8629 30 758 3962 4001 OV1_8734 128 811
OV1_8629 24 29 3962 1755 OV1_8734 119 101
OV1_8630 32 65 3444 4063 OV1_8736 37 60
OV1_8630 1207 734 4061 4060 OV1_8736 1212 708
OV1_8631 91 31 4056 3985 OV1_8738 37 98
OV1_8632 33 170 3787 4074 OV1_8740 300 32
OV1_8633 353 113 4063 4073 OV1_8742 32 37
OV1_8634 31 155 3924 4070 OV1_8744 143 40
OV1_8635 121 27 4058 4053 OV1_8746 22 50
OV1_8636 27 951 3859 3961 OV1_8748 227 1045
OV1_8636 30 22 2290 2376 OV1_8748 228 144
OV1_8638 15 13 3874 4056 OV1_8750 204 25
OV1_8639 131 45 4069 3933 OV1_8752 48 167
OV1_8640 21 16 2969 3803 OV1_8754 203 49
OV1_8640 23 1463 3888 4056 OV1_8754 200 1468
OV1_8641 530 77 4051 3203 OV1_8756 430 45
OV1_8641 139 1654 4055 4064 OV1_8756 35 1597
OV1_8643 20 165 4061 4061 OV1_8760 20 39
OV1_8644 590 154 3673 3092 OV1_8762 559 36
OV1_8645 33 129 3809 2678 OV1_8764 267 25
OV1_8645 34 2086 3788 4062 OV1_8764 273 1960
OV1_8646 43 109 4014 4058 OV1_8766 82 37
OV1_8647 29 1086 3872 4029 OV1_8767 196 1122
OV1_8647 50 20 3887 2401 OV1_8767 212 65
OV1_8648 43 54 3974 3096 OV1_8770 119 44
OV1_8648 24 1968 3684 4060 OV1_8770 108 1942
OV1_8649 423 1830 3938 4078 OV1_8772 555 1808
OV1_8650 40 486 3449 4045 OV1_8774 134 464
OV1_8651 14 43 4001 3936 OV1_8776 52 170
OV1_8652 36 963 4008 3678 OV1_8778 36 1025
OV1_8653 177 141 4064 2067 OV1_8780 39 25
OV1_8653 179 1926 4062 4074 OV1_8780 41 1793
OV1_8654 187 95 4064 4077 OV1_8782 32 30
OV1_8655 18 125 3972 4073 OV1_8784 122 32
OV1_8656 46 94 3773 4060 OV1_8786 324 34
OV1_8657 63 26 4062 3808 OV1_8788 31 40
OV1_8659 527 620 4059 4058 OV1_8792 451 577
OV1_8659 94 43 3040 3224 OV1_8792 23 26
OV1_8659 522 76 4060 1942 OV1_8792 437 45
OV1_8660 47 21 4073 3859 OV1_8794 26 221
OV1_8661 34 323 4060 4010 OV1_8796 45 374
OV1_8662 62 149 4066 4065 OV1_8798 35 44
OV1_9001 24 34 3978 3899 OV1_9146 102 201
OV1_9004 166 20 4070 3963 OV1_9148 23 115
OV1_9005 167 85 4066 4078 OV1_9150 23 42
OV1_9006 20 37 3863 4052 OV1_9152 237 32
OV1_9007 150 44 4054 4064 OV1_9154 74 23
OV1_9009 32 121 3963 4059 OV1_9162 119 63
OV1_9011 55 36 4059 3845 OV1_9164 21 254
OV1_9012 175 20 4057 3995 OV1_9166 27 63
OV1_9013 180 21 4056 4052 OV1_9168 41 38
OV1_9015 25 23 3957 4043 OV1_9175 121 49
OV1_9016 37 48 4058 3890 OV1_9177 56 176
OV1_9017 237 32 4052 3891 OV1_9179 36 111
OV1_9018 88 130 4069 4053 OV1_9182 61 102
OV1_9020 56 34 4055 3888 OV1_9185 42 198
OV1_9021 31 20 3983 3977 OV1_9188 103 42
OV1_9022 99 30 4059 4029 OV1_9190 29 62
OV1_9023 126 159 4058 4057 OV1_9192 41 43
OV1_9025 115 37 4058 3863 OV1_9194 85 185
OV1_9026 158 386 4056 4071 OV1_9197 46 45
OV1_9028 0 0 4096 4096 OV1_9200 0 0
OV1_9029 118 20 4061 3935 OV1_9203 50 142
OV1_9030 31 89 4041 4065 OV1_9205 31 89
OV1_9031 404 76 4058 4074 OV1_9207 32 38
OV1_9032 163 189 4056 4071 OV1_9209 30 28
OV1_9033 81 149 4057 4064 OV1_9211 36 32
OV1_9034 167 22 4049 3865 OV1_9212 41 228
OV1_9036 16 28 4026 3865 OV1_9216 55 215
OV1_9037 175 133 4046 4059 OV1_9218 56 80
OV1_9038 62 240 4055 4066 OV1_9222 70 48
OV1_9039 44 192 4037 4051 OV1_9224 55 39
OV1_9040 397 13 4073 4034 OV1_9226 26 43
OV1_9041 53 293 4062 4074 OV1_9228 28 32
OV1_9043 22 25 3960 3740 OV1_9230 121 311
OV1_9044 295 78 4060 4060 OV1_9232 41 40
OV1_9045 130 20 4062 3879 OV1_9235 61 187
OV1_9046 20 145 3980 4071 OV1_9237 99 32
OV1_9048 34 30 3939 3699 OV1_9240 96 389
OV1_9049 211 24 4057 3988 OV1_9243 48 103
OV1_9050 76 313 4019 4055 OV1_9245 89 76
OV1_9051 315 282 4058 4059 OV1_9248 43 34
OV1_9052 63 91 4061 4022 OV1_9250 37 81
OV1_9054 436 179 4074 4077 OV1_9253 26 23
OV1_9054 121 30 4061 4034 OV1_9253 43 59
OV1_9303 149 98 4059 3902 OV1_9371 37 246
OV1_9304 28 16 3999 3659 OV1_9378 82 412
OV1_9306 31 38 3847 3898 OV1_9380 218 176
OV1_9307 35 31 3961 3835 OV1_9382 105 241
OV1_9308 28 51 3971 4055 OV1_9384 106 44
OV1_9309 336 38 4057 3819 OV1_9386 79 268
OV1_9310 221 34 3975 3943 OV1_9388 38 167
OV1_9311 24 28 3911 3926 OV1_9390 182 115
OV1_9312 175 27 4068 3992 OV1_9392 33 82
OV1_9313 40 25 3626 3979 OV1_9394 461 111
OV1_9314 34 18 3849 3711 OV1_9396 236 358
OV1_9315 130 42 4051 3696 OV1_9398 41 390
OV1_9316 98 33 4058 3871 OV1_9400 37 221
OV1_9317 31 22 4052 3804 OV1_9402 42 284
OV1_9318 36 327 3951 4065 OV1_9404 141 73
OV1_9319 133 222 4070 4065 OV1_9406 55 37
OV1_9321 166 30 4070 4007 OV1_9412 65 77
OV1_9322 95 170 4060 4052 OV1_9414 41 54
OV1_9323 395 27 4077 3820 OV1_9408 54 262
OV1_9324 24 29 4055 3888 OV1_9410 37 180
OV1_9325 349 38 4053 3914 OV1_9417 86 175
OV1_9326 297 29 4062 3911 OV1_9419 58 182
OV1_9327 191 38 4067 3725 OV1_9421 88 360
OV1_9328 37 180 3908 4068 OV1_9423 176 42
OV1_9329 24 26 3999 4057 OV1_9426 92 26
OV1_9331 182 26 4058 4035 OV1_9429 35 60
OV1_9333 234 15 4066 3747 OV1_9432 30 329
OV1_9334 97 26 4059 3951 OV1_9434 67 114
OV1_9335 16 20 4015 3952 OV1_9436 60 130
OV1_9336 239 246 4076 4072 OV1_9438 55 66
OV1_9337 18 21 3972 3914 OV1_9440 103 169
OV1_9338 337 96 4063 4072 OV1_9442 33 71
OV1_9340 29 22 3849 3514 OV1_9444 244 384
OV1_9341 107 23 4067 3783 OV1_9447 53 301
OV1_9342 47 23 4029 4005 OV1_9449 39 72
OV1_9343 211 32 4053 3664 OV1_9451 34 431
OV1_9344 189 222 4054 4067 OV1_9453 48 64
OV1_9345 25 257 3973 4072 OV1_9455 114 62
OV1_9346 335 36 4061 3912 OV1_9457 168 196
OV1_9347 251 22 4066 3787 OV1_9460 68 305
OV1_9348 50 44 4065 4032 OV1_9462 38 64
OV1_9349 37 53 3945 4067 OV1_9464 154 43
OV1_9351 87 35 4064 3762 OV1_9466 33 302
OV1_9353 33 19 3993 3639 OV1_9468 87 433
OV1_9354 192 28 4062 3749 OV1_9471 45 343
OV1_9355 439 25 4060 3985 OV1_9473 35 103
OV1_9356 401 21 4066 3969 OV1_9475 20 119
OV1_9357 33 26 3998 3719 OV1_9477 74 371
OV1_9358 38 171 4070 4069 OV1_9479 30 54
OV1_9361 29 25 3960 3835 OV1_9481 131 243
OV1_9362 20 26 3780 4036 OV1_9483 309 61
OV1_9364 157 382 4078 4069 OV1_9487 26 51
OV1_9365 30 238 3895 4064 OV1_9485 205 56
OV1_9366 188 22 4071 3771 OV1_9489 36 297
OV1_9367 22 26 3782 3958 OV1_9491 306 124
OV1_9368 185 407 4061 4078 OV1_9493 151 49
OV1_10620 40 813 3892 3864 OV1_10901 210 989
OV1_10621 45 656 3282 4064 OV1_10908 827 36
OV1_10622 223 816 3466 3098 OV1_10914 53 1016
OV1_10622 1591 27 4056 2003 OV1_10914 1446 200
OV1_10622 166 2409 3473 3839 OV1_10914 23 2632
OV1_10622 1847 826 4048 3122 OV1_10914 1749 1020
OV1_10623 31 19 4046 4045 OV1_10919 43 41
OV1_10624 37 431 4030 3963 OV1_10924 75 519
OV1_10624 32 26 3997 2564 OV1_10924 101 63
OV1_10625 437 748 3741 3990 OV1_10930 742 820
OV1_10625 23 370 2677 3957 OV1_10930 260 479
OV1_10625 34 24 2321 3367 OV1_10930 293 54
OV1_10626 24 23 4051 3738 OV1_10936 29 346
OV1_10627 1474 443 3799 4065 OV1_10943 1736 36
OV1_10627 13 454 3834 2675 OV1_10943 244 35
OV1_10628 21 46 2546 3043 OV1_10947 155 30
OV1_10628 14 868 2112 4044 OV1_10947 153 891
OV1_10628 596 892 3888 4063 OV1_10947 774 882
OV1_10629 1308 118 3826 4071 OV1_10970 1536 24
OV1_10630 1763 29 3934 3738 OV1_10953 1906 363
OV1_10630 27 22 3203 3698 OV1_10953 124 374
OV1_10631 189 33 4058 3959 OV1_10957 29 132
OV1_10632 228 96 4071 4084 OV1_10964 32 34
OV1_10633 87 26 2285 3978 OV1_10978 43 111
OV1_10633 1165 1111 4064 3987 OV1_10978 1166 1188
OV1_10633 1159 20 4063 3169 OV1_10978 1160 58
OV1_10634 80 19 4073 3979 OV1_10984 25 91
OV1_10635 70 26 4067 3984 OV1_10990 33 93
OV1_10636 131 36 4073 3951 OV1_10995 33 142
OV1_10637 33 20 4073 4063 OV1_11000 17 26
OV1_10638 122 31 2826 3296 OV1_11004 23 75
OV1_10638 124 1672 2849 3978 OV1_11004 25 1757
OV1_10638 1779 38 4059 4009 OV1_11004 1718 77
OV1_10639 803 420 3929 2162 OV1_11008 937 33
OV1_10639 1053 1458 3930 4067 OV1_11008 1187 1093
OV1_10639 236 1737 2649 4056 OV1_11008 320 1405
OV1_10640 250 20 4074 3060 OV1_11014 35 137
OV1_10640 232 1908 4047 3935 OV1_11014 46 2026
OV1_10641 189 13 4060 3889 OV1_11021 34 188
OV1_10642 107 28 4067 3904 OV1_11025 47 195
OV1_10643 1372 28 3832 3854 OV1_11029 1600 227
OV1_10643 23 24 3288 2878 OV1_11029 211 241
OV1_10643 22 1084 3277 3821 OV1_11029 208 1329
OV1_10644 27 65 4009 4078 OV1_11033 89 33
OV1_10645 42 30 3996 3967 OV1_11038 109 121
OV1_10646 124 201 4073 3049 OV1_11042 33 30
OV1_10646 129 1934 4055 4055 OV1_11042 36 1791
OV1_10647 243 12 4058 3927 OV1_11046 37 157
OV1_10648 29 39 3994 4060 OV1_11051 110 23
OV1_10649 19 102 3873 4067 OV1_11056 200 27
OV1_10650 25 69 4063 4073 OV1_11060 37 32
OV1_10651 827 26 3719 4020 OV1_11066 1176 75
OV1_10652 288 260 3769 3123 OV1_11072 588 12
OV1_10652 20 1068 2744 4076 OV1_11072 300 861
OV1_10653 29 148 3551 2998 OV1_11079 539 28
OV1_10653 36 1420 3532 4068 OV1_11079 572 1328
OV1_10654 27 208 3614 3179 OV1_11085 477 21
OV1_10654 15 1350 3586 4082 OV1_11085 494 1201
OV1_10655 1518 108 4072 3117 OV1_11089 1369 15
OV1_10655 188 1230 4064 4062 OV1_11089 35 1180
OV1_10656 189 23 4073 4060 OV1_11094 28 35
OV1_10657 792 21 4068 3953 OV1_11099 605 138
OV1_10657 270 21 3346 3925 OV1_11099 18 164
OV1_10658 159 34 4057 2789 OV1_11106 33 168
OV1_10658 175 1227 4062 3881 OV1_11106 26 1423
OV1_10659 75 28 4062 3054 OV1_11112 31 177
OV1_10659 94 1268 4065 3861 OV1_11112 25 1475
OV1_10660 35 28 3839 2993 OV1_11116 263 105
OV1_10660 22 1109 3838 3930 OV1_11116 241 1237
OV1_10661 31 28 3963 3482 OV1_11120 136 40
OV1_10661 37 2253 3917 4017 OV1_11120 181 2298
OV1_10662 67 22 4071 2915 OV1_11125 30 45
OV1_10662 72 2097 4068 3995 OV1_11125 17 2168
OV1_10663 199 160 2843 4075 OV1_11129 23 28
OV1_10663 1735 197 4062 3234 OV1_11129 1592 36
OV1_10663 1747 824 4062 4072 OV1_11129 1622 707
OV1_10665 30 513 2067 4067 OV1_11135 47 28
OV1_10665 406 560 3599 4071 OV1_11135 452 33
OV1_10665 36 572 3974 2431 OV1_11135 118 23
OV1_10671 1751 336 4044 2362 OV1_11210 1768 32
OV1_10676 850 21 4081 3336 OV1_11215 790 65
OV1_10677 335 19 4073 3840 OV1_11219 20 252
OV1_10678 100 10 4070 3930 OV1_11226 35 151
OV1_10679 52 14 4068 3995 OV1_11231 25 87
OV1_10680 28 217 3938 4076 OV1_11236 157 36
OV1_10681 121 32 4063 3858 OV1_11242 39 237
OV1_10682 1237 209 4045 1929 OV1_11246 1259 33
OV1_10690 136 22 4068 3420 OV1_11250 18 65
OV1_10690 1233 30 4070 4046 OV1_11250 1121 52
OV1_10691 80 27 4078 4048 OV1_11255 14 55
OV1_10692 816 25 4065 4046 OV1_11260 550 39
OV1_10692 306 13 3460 4023 OV1_11260 15 60
OV1_10693 498 268 4069 4072 OV1_11265 438 31
OV1_10693 103 222 2563 4076 OV1_11265 20 23
OV1_10694 33 25 4065 3724 OV1_11271 23 375
OV1_10697 977 95 4081 2793 OV1_11275 889 18
OV1_10700 194 22 4071 4038 OV1_11282 29 56
OV1_10701 17 63 3954 4080 OV1_11288 136 27
OV1_10702 937 1124 3930 4072 OV1_11292 1075 1053
OV1_10702 13 63 3072 3228 OV1_11292 139 15
OV1_10703 15 57 4003 4078 OV1_11297 90 19
OV1_10704 24 18 4051 3955 OV1_11301 57 134
OV1_10705 57 23 4078 3938 OV1_11305 25 156
OV1_10706 47 22 4067 4060 OV1_11310 27 29
OV1_10707 22 38 4032 4081 OV1_11314 60 22
OV1_10711 1688 114 4069 2281 OV1_11357 1650 27
OV1_10712 16 349 3957 2555 OV1_11362 116 44
OV1_10713 18 110 3955 4058 OV1_11366 135 30
OV1_10714 102 29 4073 3811 OV1_11370 33 290
OV1_10715 136 362 4079 4077 OV1_11340 30 17
OV1_10716 753 191 4068 3539 OV1_11346 749 37
OV1_10716 42 133 3507 3184 OV1_11346 22 24
OV1_10717 26 20 4030 4030 OV1_11352 64 64
OV1_10718 21 234 3914 4082 OV1_11335 171 30
OV1_10719 22 21 3948 3847 OV1_11331 122 221
OV1_10720 2028 22 4076 3843 OV1_11327 2029 244
OV1_10720 34 21 3099 3841 OV1_11327 16 258
OV1_10721 760 19 4076 3923 OV1_11318 766 158
OV1_10721 14 21 2902 3898 OV1_11318 14 197
OV1_10722 1343 27 4064 3859 OV1_11323 1207 237
OV1_10722 183 22 2309 3837 OV1_11323 25 262
OV1_10724 927 16 4076 2003 OV1_11380 905 294
OV1_10726 1268 1402 4072 3984 OV1_11374 1197 1480
OV1_10726 109 14 4069 3135 OV1_11374 27 121
OV1_10727 8 46 3975 4078 OV1_11476 112 23
OV1_10728 234 19 4082 3862 OV1_11471 31 221
OV1_10729 16 10 3953 3981 OV1_11466 135 113
OV1_10730 100 240 4059 4072 OV1_11462 24 29
OV1_10731 29 235 3700 4084 OV1_11458 19 19
OV1_10731 1791 291 4068 4072 OV1_11458 1787 30
OV1_10732 98 20 4063 4008 OV1_11454 28 76
OV1_10733 22 68 4065 3594 OV1_11450 37 24
OV1_10733 2290 576 4042 4071 OV1_11450 2309 514
OV1_10733 24 65 1878 4063 OV1_11450 51 29
OV1_10734 998 23 4063 3950 OV1_11446 950 140
OV1_10734 83 10 2792 3914 OV1_11446 32 162
OV1_10735 17 176 3998 4069 OV1_11442 84 27
OV1_10736 32 20 4036 4052 OV1_11438 59 36
OV1_10737 350 17 4065 3899 OV1_11431 24 195
OV1_10738 73 25 4077 3852 OV1_11486 18 237
OV1_10739 288 11 4070 3849 OV1_11494 24 234
OV1_10740 23 128 4039 4077 OV1_11498 48 22
OV1_10741 44 14 2765 4035 OV1_11502 22 53
OV1_10741 42 1587 4080 4058 OV1_11502 26 1596
OV1_10742 15 14 3988 4044 OV1_11507 114 47
OV1_10743 39 1237 3904 4024 OV1_11512 194 1276
OV1_10743 16 2 2443 4006 OV1_11512 162 70
OV1_10744 25 818 4024 4077 OV1_11516 75 720
OV1_10744 18 97 2250 4079 OV1_11516 42 38
OV1_10745 24 769 4062 4051 OV1_11521 29 792
OV1_10745 31 11 2657 2854 OV1_11521 26 55
OV1_10746 165 14 4075 4007 OV1_11527 27 73
OV1_10747 55 195 3748 4077 OV1_11531 17 29
OV1_10747 790 252 4072 4056 OV1_11531 755 38
OV1_10748 17 14 3993 3990 OV1_11535 92 100
OV1_10749 31 88 3796 4081 OV1_11539 298 22
OV1_10750 28 103 3882 4069 OV1_11543 212 32
OV1_10751 32 621 3869 3975 OV1_11549 226 704
OV1_10751 20 23 2793 3930 OV1_11549 197 151
OV1_10752 72 10 4082 3864 OV1_11554 20 218
OV1_10753 121 177 4070 3342 OV1_11559 39 29
OV1_10753 80 2173 4084 4083 OV1_11559 22 2041
OV1_10754 181 15 4074 3977 OV1_11565 14 120
OV1_10755 9 101 2291 3483 OV1_11569 115 14
OV1_10755 20 881 3930 4068 OV1_11569 148 766
OV1_10756 19 63 2945 3633 OV1_11574 314 19
OV1_10756 22 697 3748 4068 OV1_11574 337 655
OV1_10757 111 978 4070 4066 OV1_11579 24 868
OV1_10758 17 19 3921 3812 OV1_11587 172 274
OV1_10759 1089 844 4071 3020 OV1_11583 25 1893
OV1_10760 34 41 3727 4073 OV1_11592 25 15
OV1_10760 2078 87 4065 4069 OV1_11592 2073 24
OV1_10761 27 66 3865 4076 OV1_11596 236 29
OV1_10762 33 18 3937 4016 OV1_11601 157 68
OV1_10763 109 30 4068 4073 OV1_11606 29 25
OV1_10764 1340 1138 3477 4075 OV1_11610 1303 892
OV1_10764 72 738 2643 4076 OV1_11610 26 516
OV1_10765 72 989 3509 4070 OV1_11614 21 460
OV1_10766 20 282 3852 4064 OV1_11618 226 23
OV1_10767 13 14 3667 3829 OV1_11622 29 256
OV1_10767 1190 18 4022 3872 OV1_11622 1222 226
OV1_10768 255 438 4081 4080 OV1_11626 33 15
OV1_10769 19 177 4062 4076 OV1_11630 38 21
OV1_10770 24 12 3761 4000 OV1_11634 336 82
OV1_10771 31 14 3908 3862 OV1_11639 200 218
OV1_10772 146 316 4083 4076 OV1_11643 32 31
OV1_10773 264 43 4074 4080 OV1_11647 32 24
OV1_10774 126 15 4074 4075 OV1_11652 22 16
OV1_10775 24 295 3850 3633 OV1_11656 243 726
OV1_10777 265 6 4074 2637 OV1_11664 30 92
OV1_10777 243 1469 4075 4000 OV1_11664 18 1536
OV1_10778 22 104 4070 4078 OV1_11669 32 18
OV1_10779 22 1287 3855 4069 OV1_11674 231 1264
OV1_10779 26 17 2797 3510 OV1_11674 219 20
OV1_10780 919 15 4073 3969 OV1_11678 838 116
OV1_10780 114 9 2735 3325 OV1_11678 14 140
OV1_10781 1816 71 4070 3130 OV1_11682 1745 29
OV1_10781 94 719 4082 4079 OV1_11682 25 696
OV1_10782 860 87 4075 4069 OV1_11686 829 28
OV1_10782 47 810 2485 4069 OV1_11686 19 760
OV1_10783 1000 1742 3976 4068 OV1_11690 1082 1596
OV1_10783 16 1719 2220 4062 OV1_11690 103 1596
OV1_10783 13 140 2573 3566 OV1_11690 88 19
OV1_10784 9 769 3991 4073 OV1_11694 93 581
OV1_10784 27 220 3986 2046 OV1_11694 108 20
OV1_10785 15 16 3830 4064 OV1_11698 255 27
OV1_10786 9 16 3830 4020 OV1_11703 249 60
OV1_10620 40 813 3892 3864 OV1_10902 210 989
OV1_10621 45 656 3282 4064 OV1_10910 827 36
OV1_10622 223 816 3466 3098 OV1_10915 53 1016
OV1_10622 1591 27 4056 2003 OV1_10915 1446 200
OV1_10622 166 2409 3473 3839 OV1_10915 23 2632
OV1_10622 1847 826 4048 3122 OV1_10915 1749 1020
OV1_10623 31 19 4046 4045 OV1_10920 43 41
OV1_10624 37 431 4030 3963 OV1_10925 75 519
OV1_10624 32 26 3997 2564 OV1_10925 101 63
OV1_10625 437 748 3741 3990 OV1_10931 742 820
OV1_10625 23 370 2677 3957 OV1_10931 260 479
OV1_10625 34 24 2321 3367 OV1_10931 293 54
OV1_10626 24 23 4051 3738 OV1_10937 29 346
OV1_10627 1474 443 3799 4065 OV1_10944 1736 36
OV1_10627 13 454 3834 2675 OV1_10944 244 35
OV1_10628 21 46 2546 3043 OV1_10948 155 30
OV1_10628 14 868 2112 4044 OV1_10948 153 891
OV1_10628 596 892 3888 4063 OV1_10948 774 882
OV1_10629 1308 118 3826 4071 OV1_10971 1536 24
OV1_10630 1763 29 3934 3738 OV1_10954 1906 363
OV1_10630 27 22 3203 3698 OV1_10954 124 374
OV1_10631 189 33 4058 3959 OV1_10958 29 132
OV1_10632 228 96 4071 4084 OV1_10965 32 34
OV1_10633 87 26 2285 3978 OV1_10979 43 111
OV1_10633 1165 1111 4064 3987 OV1_10979 1166 1188
OV1_10633 1159 20 4063 3169 OV1_10979 1160 58
OV1_10634 80 19 4073 3979 OV1_10985 25 91
OV1_10635 70 26 4067 3984 OV1_10991 33 93
OV1_10636 131 36 4073 3951 OV1_10996 33 142
OV1_10637 33 20 4073 4063 OV1_11001 17 26
OV1_10638 122 31 2826 3296 OV1_11005 23 75
OV1_10638 124 1672 2849 3978 OV1_11005 25 1757
OV1_10638 1779 38 4059 4009 OV1_11005 1718 77
OV1_10639 803 420 3929 2162 OV1_11009 937 33
OV1_10639 1053 1458 3930 4067 OV1_11009 1187 1093
OV1_10639 236 1737 2649 4056 OV1_11009 320 1405
OV1_10640 250 20 4074 3060 OV1_11015 35 137
OV1_10640 232 1908 4047 3935 OV1_11015 46 2026
OV1_10641 189 13 4060 3889 OV1_11022 34 188
OV1_10642 107 28 4067 3904 OV1_11026 47 195
OV1_10643 1372 28 3832 3854 OV1_11030 1600 227
OV1_10643 23 24 3288 2878 OV1_11030 211 241
OV1_10643 22 1084 3277 3821 OV1_11030 208 1329
OV1_10644 27 65 4009 4078 OV1_11034 89 33
OV1_10645 42 30 3996 3967 OV1_11039 109 121
OV1_10646 124 201 4073 3049 OV1_11043 33 30
OV1_10646 129 1934 4055 4055 OV1_11043 36 1791
OV1_10647 243 12 4058 3927 OV1_11047 37 157
OV1_10648 29 39 3994 4060 OV1_11052 110 23
OV1_10649 19 102 3873 4067 OV1_11057 200 27
OV1_10650 25 69 4063 4073 OV1_11061 37 32
OV1_10651 827 26 3719 4020 OV1_11067 1176 75
OV1_10652 288 260 3769 3123 OV1_11073 588 12
OV1_10652 20 1068 2744 4076 OV1_11073 300 861
OV1_10653 29 148 3551 2998 OV1_11080 539 28
OV1_10653 36 1420 3532 4068 OV1_11080 572 1328
OV1_10654 27 208 3614 3179 OV1_11086 477 21
OV1_10654 15 1350 3586 4082 OV1_11086 494 1201
OV1_10655 1518 108 4072 3117 OV1_11090 1369 15
OV1_10655 188 1230 4064 4062 OV1_11090 35 1180
OV1_10656 189 23 4073 4060 OV1_11095 28 35
OV1_10657 792 21 4068 3953 OV1_11100 605 138
OV1_10657 270 21 3346 3925 OV1_11100 18 164
OV1_10658 159 34 4057 2789 OV1_11107 33 168
OV1_10658 175 1227 4062 3881 OV1_11107 26 1423
OV1_10659 75 28 4062 3054 OV1_11113 31 177
OV1_10659 94 1268 4065 3861 OV1_11113 25 1475
OV1_10660 35 28 3839 2993 OV1_11117 263 105
OV1_10660 22 1109 3838 3930 OV1_11117 241 1237
OV1_10661 31 28 3963 3482 OV1_11121 136 40
OV1_10661 37 2253 3917 4017 OV1_11121 181 2298
OV1_10662 67 22 4071 2915 OV1_11126 30 45
OV1_10662 72 2097 4068 3995 OV1_11126 17 2168
OV1_10663 199 160 2843 4075 OV1_11130 23 28
OV1_10663 1735 197 4062 3234 OV1_11130 1592 36
OV1_10663 1747 824 4062 4072 OV1_11130 1622 707
OV1_10665 30 513 2067 4067 OV1_11136 47 28
OV1_10665 406 560 3599 4071 OV1_11136 452 33
OV1_10665 36 572 3974 2431 OV1_11136 118 23
OV1_10671 1751 336 4044 2362 OV1_11211 1768 32
OV1_10676 850 21 4081 3336 OV1_11216 790 65
OV1_10677 335 19 4073 3840 OV1_11220 20 252
OV1_10678 100 10 4070 3930 OV1_11227 35 151
OV1_10679 52 14 4068 3995 OV1_11232 25 87
OV1_10680 28 217 3938 4076 OV1_11237 157 36
OV1_10681 121 32 4063 3858 OV1_11243 39 237
OV1_10682 1237 209 4045 1929 OV1_11247 1259 33
OV1_10690 136 22 4068 3420 OV1_11251 18 65
OV1_10690 1233 30 4070 4046 OV1_11251 1121 52
OV1_10691 80 27 4078 4048 OV1_11256 14 55
OV1_10692 816 25 4065 4046 OV1_11261 550 39
OV1_10692 306 13 3460 4023 OV1_11261 15 60
OV1_10693 498 268 4069 4072 OV1_11266 438 31
OV1_10693 103 222 2563 4076 OV1_11266 20 23
OV1_10694 33 25 4065 3724 OV1_11272 23 375
OV1_10697 977 95 4081 2793 OV1_11276 889 18
OV1_10700 194 22 4071 4038 OV1_11283 29 56
OV1_10701 17 63 3954 4080 OV1_11289 136 27
OV1_10702 937 1124 3930 4072 OV1_11293 1075 1053
OV1_10702 13 63 3072 3228 OV1_11293 139 15
OV1_10703 15 57 4003 4078 OV1_11298 90 19
OV1_10704 24 18 4051 3955 OV1_11302 57 134
OV1_10705 57 23 4078 3938 OV1_11306 25 156
OV1_10706 47 22 4067 4060 OV1_11311 27 29
OV1_10707 22 38 4032 4081 OV1_11315 60 22
OV1_10711 1688 114 4069 2281 OV1_11358 1650 27
OV1_10712 16 349 3957 2555 OV1_11363 116 44
OV1_10713 18 110 3955 4058 OV1_11367 135 30
OV1_10714 102 29 4073 3811 OV1_11371 33 290
OV1_10715 136 362 4079 4077 OV1_11341 30 17
OV1_10716 753 191 4068 3539 OV1_11347 749 37
OV1_10716 42 133 3507 3184 OV1_11347 22 24
OV1_10717 26 20 4030 4030 OV1_11353 64 64
OV1_10718 21 234 3914 4082 OV1_11336 171 30
OV1_10719 22 21 3948 3847 OV1_11332 122 221
OV1_10720 2028 22 4076 3843 OV1_11328 2029 244
OV1_10720 34 21 3099 3841 OV1_11328 16 258
OV1_10721 760 19 4076 3923 OV1_11319 766 158
OV1_10721 14 21 2902 3898 OV1_11319 14 197
OV1_10722 1343 27 4064 3859 OV1_11324 1207 237
OV1_10722 183 22 2309 3837 OV1_11324 25 262
OV1_10724 927 16 4076 2003 OV1_11381 905 294
OV1_10726 1268 1402 4072 3984 OV1_11375 1197 1480
OV1_10726 109 14 4069 3135 OV1_11375 27 121
OV1_10727 8 46 3975 4078 OV1_11477 112 23
OV1_10728 234 19 4082 3862 OV1_11472 31 221
OV1_10729 16 10 3953 3981 OV1_11467 135 113
OV1_10730 100 240 4059 4072 OV1_11463 24 29
OV1_10731 29 235 3700 4084 OV1_11459 19 19
OV1_10731 1791 291 4068 4072 OV1_11459 1787 30
OV1_10732 98 20 4063 4008 OV1_11455 28 76
OV1_10733 22 68 4065 3594 OV1_11451 37 24
OV1_10733 2290 576 4042 4071 OV1_11451 2309 514
OV1_10733 24 65 1878 4063 OV1_11451 51 29
OV1_10734 998 23 4063 3950 OV1_11447 950 140
OV1_10734 83 10 2792 3914 OV1_11447 32 162
OV1_10735 17 176 3998 4069 OV1_11443 84 27
OV1_10736 32 20 4036 4052 OV1_11439 59 36
OV1_10737 350 17 4065 3899 OV1_11432 24 195
OV1_10738 73 25 4077 3852 OV1_11487 18 237
OV1_10739 288 11 4070 3849 OV1_11495 24 234
OV1_10740 23 128 4039 4077 OV1_11499 48 22
OV1_10741 44 14 2765 4035 OV1_11503 22 53
OV1_10741 42 1587 4080 4058 OV1_11503 26 1596
OV1_10742 15 14 3988 4044 OV1_11508 114 47
OV1_10743 39 1237 3904 4024 OV1_11513 194 1276
OV1_10743 16 2 2443 4006 OV1_11513 162 70
OV1_10744 25 818 4024 4077 OV1_11517 75 720
OV1_10744 18 97 2250 4079 OV1_11517 42 38
OV1_10745 24 769 4062 4051 OV1_11522 29 792
OV1_10745 31 11 2657 2854 OV1_11522 26 55
OV1_10746 165 14 4075 4007 OV1_11528 27 73
OV1_10747 55 195 3748 4077 OV1_11532 17 29
OV1_10747 790 252 4072 4056 OV1_11532 755 38
OV1_10748 17 14 3993 3990 OV1_11536 92 100
OV1_10749 31 88 3796 4081 OV1_11540 298 22
OV1_10750 28 103 3882 4069 OV1_11544 212 32
OV1_10751 32 621 3869 3975 OV1_11550 226 704
OV1_10751 20 23 2793 3930 OV1_11550 197 151
OV1_10752 72 10 4082 3864 OV1_11555 20 218
OV1_10753 121 177 4070 3342 OV1_11560 39 29
OV1_10753 80 2173 4084 4083 OV1_11560 22 2041
OV1_10754 181 15 4074 3977 OV1_11566 14 120
OV1_10755 9 101 2291 3483 OV1_11570 115 14
OV1_10755 20 881 3930 4068 OV1_11570 148 766
OV1_10756 19 63 2945 3633 OV1_11575 314 19
OV1_10756 22 697 3748 4068 OV1_11575 337 655
OV1_10757 111 978 4070 4066 OV1_11580 24 868
OV1_10758 17 19 3921 3812 OV1_11588 172 274
OV1_10759 1089 844 4071 3020 OV1_11584 25 1893
OV1_10760 34 41 3727 4073 OV1_11593 25 15
OV1_10760 2078 87 4065 4069 OV1_11593 2073 24
OV1_10761 27 66 3865 4076 OV1_11597 236 29
OV1_10762 33 18 3937 4016 OV1_11602 157 68
OV1_10763 109 30 4068 4073 OV1_11607 29 25
OV1_10764 1340 1138 3477 4075 OV1_11611 1303 892
OV1_10764 72 738 2643 4076 OV1_11611 26 516
OV1_10765 72 989 3509 4070 OV1_11615 21 460
OV1_10766 20 282 3852 4064 OV1_11619 226 23
OV1_10767 13 14 3667 3829 OV1_11623 29 256
OV1_10767 1190 18 4022 3872 OV1_11623 1222 226
OV1_10768 255 438 4081 4080 OV1_11627 33 15
OV1_10769 19 177 4062 4076 OV1_11631 38 21
OV1_10770 24 12 3761 4000 OV1_11635 336 82
OV1_10771 31 14 3908 3862 OV1_11640 200 218
OV1_10772 146 316 4083 4076 OV1_11644 32 31
OV1_10773 264 43 4074 4080 OV1_11648 32 24
OV1_10774 126 15 4074 4075 OV1_11653 22 16
OV1_10775 24 295 3850 3633 OV1_11657 243 726
OV1_10777 265 6 4074 2637 OV1_11665 30 92
OV1_10777 243 1469 4075 4000 OV1_11665 18 1536
OV1_10778 22 104 4070 4078 OV1_11670 32 18
OV1_10779 22 1287 3855 4069 OV1_11675 231 1264
OV1_10779 26 17 2797 3510 OV1_11675 219 20
OV1_10780 919 15 4073 3969 OV1_11679 838 116
OV1_10780 114 9 2735 3325 OV1_11679 14 140
OV1_10781 1816 71 4070 3130 OV1_11683 1745 29
OV1_10781 94 719 4082 4079 OV1_11683 25 696
OV1_10782 860 87 4075 4069 OV1_11687 829 28
OV1_10782 47 810 2485 4069 OV1_11687 19 760
OV1_10783 1000 1742 3976 4068 OV1_11691 1082 1596
OV1_10783 16 1719 2220 4062 OV1_11691 103 1596
OV1_10783 13 140 2573 3566 OV1_11691 88 19
OV1_10784 9 769 3991 4073 OV1_11695 93 581
OV1_10784 27 220 3986 2046 OV1_11695 108 20
OV1_10785 15 16 3830 4064 OV1_11699 255 27
OV1_10786 9 16 3830 4020 OV1_11704 249 60
OV1_10620 40 813 3892 3864 OV1_10903 210 989
OV1_10621 45 656 3282 4064 OV1_10913 827 36
OV1_10622 223 816 3466 3098 OV1_10917 53 1016
OV1_10622 1591 27 4056 2003 OV1_10917 1446 200
OV1_10622 166 2409 3473 3839 OV1_10917 23 2632
OV1_10622 1847 826 4048 3122 OV1_10917 1749 1020
OV1_10623 31 19 4046 4045 OV1_10921 43 41
OV1_10624 37 431 4030 3963 OV1_10927 75 519
OV1_10624 32 26 3997 2564 OV1_10927 101 63
OV1_10625 437 748 3741 3990 OV1_10933 742 820
OV1_10625 23 370 2677 3957 OV1_10933 260 479
OV1_10625 34 24 2321 3367 OV1_10933 293 54
OV1_10626 24 23 4051 3738 OV1_10939 29 346
OV1_10627 1474 443 3799 4065 OV1_10945 1736 36
OV1_10627 13 454 3834 2675 OV1_10945 244 35
OV1_10628 21 46 2546 3043 OV1_10950 155 30
OV1_10628 14 868 2112 4044 OV1_10950 153 891
OV1_10628 596 892 3888 4063 OV1_10950 774 882
OV1_10629 1308 118 3826 4071 OV1_10972 1536 24
OV1_10630 1763 29 3934 3738 OV1_10955 1906 363
OV1_10630 27 22 3203 3698 OV1_10955 124 374
OV1_10631 189 33 4058 3959 OV1_10960 29 132
OV1_10632 228 96 4071 4084 OV1_10967 32 34
OV1_10633 87 26 2285 3978 OV1_10980 43 111
OV1_10633 1165 1111 4064 3987 OV1_10980 1166 1188
OV1_10633 1159 20 4063 3169 OV1_10980 1160 58
OV1_10634 80 19 4073 3979 OV1_10986 25 91
OV1_10635 70 26 4067 3984 OV1_10992 33 93
OV1_10636 131 36 4073 3951 OV1_10997 33 142
OV1_10637 33 20 4073 4063 OV1_11002 17 26
OV1_10638 122 31 2826 3296 OV1_11006 23 75
OV1_10638 124 1672 2849 3978 OV1_11006 25 1757
OV1_10638 1779 38 4059 4009 OV1_11006 1718 77
OV1_10639 803 420 3929 2162 OV1_11010 937 33
OV1_10639 1053 1458 3930 4067 OV1_11010 1187 1093
OV1_10639 236 1737 2649 4056 OV1_11010 320 1405
OV1_10640 250 20 4074 3060 OV1_11017 35 137
OV1_10640 232 1908 4047 3935 OV1_11017 46 2026
OV1_10641 189 13 4060 3889 OV1_11023 34 188
OV1_10642 107 28 4067 3904 OV1_11027 47 195
OV1_10643 1372 28 3832 3854 OV1_11031 1600 227
OV1_10643 23 24 3288 2878 OV1_11031 211 241
OV1_10643 22 1084 3277 3821 OV1_11031 208 1329
OV1_10644 27 65 4009 4078 OV1_11035 89 33
OV1_10645 42 30 3996 3967 OV1_11040 109 121
OV1_10646 124 201 4073 3049 OV1_11044 33 30
OV1_10646 129 1934 4055 4055 OV1_11044 36 1791
OV1_10647 243 12 4058 3927 OV1_11048 37 157
OV1_10648 29 39 3994 4060 OV1_11053 110 23
OV1_10649 19 102 3873 4067 OV1_11058 200 27
OV1_10650 25 69 4063 4073 OV1_11062 37 32
OV1_10651 827 26 3719 4020 OV1_11069 1176 75
OV1_10652 288 260 3769 3123 OV1_11075 588 12
OV1_10652 20 1068 2744 4076 OV1_11075 300 861
OV1_10653 29 148 3551 2998 OV1_11082 539 28
OV1_10653 36 1420 3532 4068 OV1_11082 572 1328
OV1_10654 27 208 3614 3179 OV1_11087 477 21
OV1_10654 15 1350 3586 4082 OV1_11087 494 1201
OV1_10655 1518 108 4072 3117 OV1_11091 1369 15
OV1_10655 188 1230 4064 4062 OV1_11091 35 1180
OV1_10656 189 23 4073 4060 OV1_11096 28 35
OV1_10657 792 21 4068 3953 OV1_11102 605 138
OV1_10657 270 21 3346 3925 OV1_11102 18 164
OV1_10658 159 34 4057 2789 OV1_11108 33 168
OV1_10658 175 1227 4062 3881 OV1_11108 26 1423
OV1_10659 75 28 4062 3054 OV1_11114 31 177
OV1_10659 94 1268 4065 3861 OV1_11114 25 1475
OV1_10660 35 28 3839 2993 OV1_11118 263 105
OV1_10660 22 1109 3838 3930 OV1_11118 241 1237
OV1_10661 31 28 3963 3482 OV1_11123 136 40
OV1_10661 37 2253 3917 4017 OV1_11123 181 2298
OV1_10662 67 22 4071 2915 OV1_11127 30 45
OV1_10662 72 2097 4068 3995 OV1_11127 17 2168
OV1_10663 199 160 2843 4075 OV1_11132 23 28
OV1_10663 1735 197 4062 3234 OV1_11132 1592 36
OV1_10663 1747 824 4062 4072 OV1_11132 1622 707
OV1_10665 30 513 2067 4067 OV1_11137 47 28
OV1_10665 406 560 3599 4071 OV1_11137 452 33
OV1_10665 36 572 3974 2431 OV1_11137 118 23
OV1_10671 1751 336 4044 2362 OV1_11212 1768 32
OV1_10676 850 21 4081 3336 OV1_11217 790 65
OV1_10677 335 19 4073 3840 OV1_11221 20 252
OV1_10678 100 10 4070 3930 OV1_11228 35 151
OV1_10679 52 14 4068 3995 OV1_11233 25 87
OV1_10680 28 217 3938 4076 OV1_11238 157 36
OV1_10681 121 32 4063 3858 OV1_11244 39 237
OV1_10682 1237 209 4045 1929 OV1_11248 1259 33
OV1_10690 136 22 4068 3420 OV1_11252 18 65
OV1_10690 1233 30 4070 4046 OV1_11252 1121 52
OV1_10691 80 27 4078 4048 OV1_11257 14 55
OV1_10692 816 25 4065 4046 OV1_11263 550 39
OV1_10692 306 13 3460 4023 OV1_11263 15 60
OV1_10693 498 268 4069 4072 OV1_11268 438 31
OV1_10693 103 222 2563 4076 OV1_11268 20 23
OV1_10694 33 25 4065 3724 OV1_11273 23 375
OV1_10697 977 95 4081 2793 OV1_11278 889 18
OV1_10700 194 22 4071 4038 OV1_11284 29 56
OV1_10701 17 63 3954 4080 OV1_11290 136 27
OV1_10702 937 1124 3930 4072 OV1_11295 1075 1053
OV1_10702 13 63 3072 3228 OV1_11295 139 15
OV1_10703 15 57 4003 4078 OV1_11299 90 19
OV1_10704 24 18 4051 3955 OV1_11303 57 134
OV1_10705 57 23 4078 3938 OV1_11307 25 156
OV1_10706 47 22 4067 4060 OV1_11312 27 29
OV1_10707 22 38 4032 4081 OV1_11316 60 22
OV1_10711 1688 114 4069 2281 OV1_11360 1650 27
OV1_10712 16 349 3957 2555 OV1_11364 116 44
OV1_10713 18 110 3955 4058 OV1_11368 135 30
OV1_10714 102 29 4073 3811 OV1_11372 33 290
OV1_10715 136 362 4079 4077 OV1_11344 30 17
OV1_10716 753 191 4068 3539 OV1_11349 749 37
OV1_10716 42 133 3507 3184 OV1_11349 22 24
OV1_10717 26 20 4030 4030 OV1_11355 64 64
OV1_10718 21 234 3914 4082 OV1_11337 171 30
OV1_10719 22 21 3948 3847 OV1_11333 122 221
OV1_10720 2028 22 4076 3843 OV1_11329 2029 244
OV1_10720 34 21 3099 3841 OV1_11329 16 258
OV1_10721 760 19 4076 3923 OV1_11320 766 158
OV1_10721 14 21 2902 3898 OV1_11320 14 197
OV1_10722 1343 27 4064 3859 OV1_11325 1207 237
OV1_10722 183 22 2309 3837 OV1_11325 25 262
OV1_10724 927 16 4076 2003 OV1_11382 905 294
OV1_10726 1268 1402 4072 3984 OV1_11377 1197 1480
OV1_10726 109 14 4069 3135 OV1_11377 27 121
OV1_10727 8 46 3975 4078 OV1_11479 112 23
OV1_10728 234 19 4082 3862 OV1_11473 31 221
OV1_10729 16 10 3953 3981 OV1_11468 135 113
OV1_10730 100 240 4059 4072 OV1_11464 24 29
OV1_10731 29 235 3700 4084 OV1_11460 19 19
OV1_10731 1791 291 4068 4072 OV1_11460 1787 30
OV1_10732 98 20 4063 4008 OV1_11456 28 76
OV1_10733 22 68 4065 3594 OV1_11452 37 24
OV1_10733 2290 576 4042 4071 OV1_11452 2309 514
OV1_10733 24 65 1878 4063 OV1_11452 51 29
OV1_10734 998 23 4063 3950 OV1_11448 950 140
OV1_10734 83 10 2792 3914 OV1_11448 32 162
OV1_10735 17 176 3998 4069 OV1_11444 84 27
OV1_10736 32 20 4036 4052 OV1_11440 59 36
OV1_10737 350 17 4065 3899 OV1_11435 24 195
OV1_10738 73 25 4077 3852 OV1_11489 18 237
OV1_10739 288 11 4070 3849 OV1_11496 24 234
OV1_10740 23 128 4039 4077 OV1_11500 48 22
OV1_10741 44 14 2765 4035 OV1_11505 22 53
OV1_10741 42 1587 4080 4058 OV1_11505 26 1596
OV1_10742 15 14 3988 4044 OV1_11509 114 47
OV1_10743 39 1237 3904 4024 OV1_11514 194 1276
OV1_10743 16 2 2443 4006 OV1_11514 162 70
OV1_10744 25 818 4024 4077 OV1_11518 75 720
OV1_10744 18 97 2250 4079 OV1_11518 42 38
OV1_10745 24 769 4062 4051 OV1_11524 29 792
OV1_10745 31 11 2657 2854 OV1_11524 26 55
OV1_10746 165 14 4075 4007 OV1_11529 27 73
OV1_10747 55 195 3748 4077 OV1_11533 17 29
OV1_10747 790 252 4072 4056 OV1_11533 755 38
OV1_10748 17 14 3993 3990 OV1_11537 92 100
OV1_10749 31 88 3796 4081 OV1_11541 298 22
OV1_10750 28 103 3882 4069 OV1_11545 212 32
OV1_10751 32 621 3869 3975 OV1_11551 226 704
OV1_10751 20 23 2793 3930 OV1_11551 197 151
OV1_10752 72 10 4082 3864 OV1_11557 20 218
OV1_10753 121 177 4070 3342 OV1_11561 39 29
OV1_10753 80 2173 4084 4083 OV1_11561 22 2041
OV1_10754 181 15 4074 3977 OV1_11567 14 120
OV1_10755 9 101 2291 3483 OV1_11572 115 14
OV1_10755 20 881 3930 4068 OV1_11572 148 766
OV1_10756 19 63 2945 3633 OV1_11576 314 19
OV1_10756 22 697 3748 4068 OV1_11576 337 655
OV1_10757 111 978 4070 4066 OV1_11581 24 868
OV1_10758 17 19 3921 3812 OV1_11589 172 274
OV1_10759 1089 844 4071 3020 OV1_11585 25 1893
OV1_10760 34 41 3727 4073 OV1_11594 25 15
OV1_10760 2078 87 4065 4069 OV1_11594 2073 24
OV1_10761 27 66 3865 4076 OV1_11598 236 29
OV1_10762 33 18 3937 4016 OV1_11604 157 68
OV1_10763 109 30 4068 4073 OV1_11608 29 25
OV1_10764 1340 1138 3477 4075 OV1_11612 1303 892
OV1_10764 72 738 2643 4076 OV1_11612 26 516
OV1_10765 72 989 3509 4070 OV1_11616 21 460
OV1_10766 20 282 3852 4064 OV1_11620 226 23
OV1_10767 13 14 3667 3829 OV1_11624 29 256
OV1_10767 1190 18 4022 3872 OV1_11624 1222 226
OV1_10768 255 438 4081 4080 OV1_11628 33 15
OV1_10769 19 177 4062 4076 OV1_11632 38 21
OV1_10770 24 12 3761 4000 OV1_11636 336 82
OV1_10771 31 14 3908 3862 OV1_11641 200 218
OV1_10772 146 316 4083 4076 OV1_11645 32 31
OV1_10773 264 43 4074 4080 OV1_11649 32 24
OV1_10774 126 15 4074 4075 OV1_11654 22 16
OV1_10775 24 295 3850 3633 OV1_11659 243 726
OV1_10777 265 6 4074 2637 OV1_11666 30 92
OV1_10777 243 1469 4075 4000 OV1_11666 18 1536
OV1_10778 22 104 4070 4078 OV1_11672 32 18
OV1_10779 22 1287 3855 4069 OV1_11676 231 1264
OV1_10779 26 17 2797 3510 OV1_11676 219 20
OV1_10780 919 15 4073 3969 OV1_11680 838 116
OV1_10780 114 9 2735 3325 OV1_11680 14 140
OV1_10781 1816 71 4070 3130 OV1_11684 1745 29
OV1_10781 94 719 4082 4079 OV1_11684 25 696
OV1_10782 860 87 4075 4069 OV1_11688 829 28
OV1_10782 47 810 2485 4069 OV1_11688 19 760
OV1_10783 1000 1742 3976 4068 OV1_11692 1082 1596
OV1_10783 16 1719 2220 4062 OV1_11692 103 1596
OV1_10783 13 140 2573 3566 OV1_11692 88 19
OV1_10784 9 769 3991 4073 OV1_11696 93 581
OV1_10784 27 220 3986 2046 OV1_11696 108 20
OV1_10785 15 16 3830 4064 OV1_11700 255 27
OV1_10786 9 16 3830 4020 OV1_11705 249 60
